0.9999986683580616 -8.254668975356388e-05 0.0016298675245958018 -0.007014282461439754 9.064604474133717e-05 0.999987645937171 -0.004969884941265892 0.0031976089022228943 -0.0016294371415596547 0.004970026064203249 0.9999863217942149 0.9999702871280025
-0.3344796115768879 -0.6633175643520607 0.6694275153154552 0.549305633751975 -0.6656097028259151 -0.33658753489535653 -0.6660874978987851 -0.5548749440545886 0.6671484939227332 -0.6683701371060176 -0.32892893895416403 1.551667182123158
-0.33234551134928814 -0.6630941570793225 0.6707105187286411 1.1873728842663442 -0.6671400104294064 -0.3373985039177936 -0.6641434002068272 -1.1938477356672443 0.6666863337209121 -0.668182900410731 -0.330243764556534 1.2161474167429365
-0.3315556905521688 -0.6623372602775837 0.6718483293947066 1.8276689746810448 -0.6649512010521323 -0.3411163364785631 -0.6644392712707234 -1.8431115430081413 0.6692613273466509 -0.6670449749720235 -0.32732289422338245 0.9042296065519382
-0.3306399096832097 -0.6612832363381415 0.6733362692316759 2.4768113216974568 -0.6613906321376726 -0.3465900454085898 -0.6651599598173368 -2.476358457624112 0.6732307790388141 -0.6652667297872522 -0.32277003639273405 0.5865953104576889
-0.32786942952114495 -0.6601396958785408 0.6758085669114192 3.1258812798805957 -0.6632573690893561 -0.3485645174230654 -0.6622631195697753 -3.088759389293896 0.6727490613402181 -0.6653708433039524 -0.3235588684410354 0.23629464421037955
-0.325467693139525 -0.6589680210383888 0.6781090826490865 3.7858669643018033 -0.6658806010638763 -0.349431573251506 -0.6591665955900583 -3.668519932157044 0.6713224306167995 -0.666077114802578 -0.32506533387463216 -0.07726288377477863
-0.3268049593033954 -0.6572720689505265 0.6791111440347598 4.408377515561188 -0.668267448503131 -0.34740579601134786 -0.6578205151626361 -4.312655721899918 0.668294198572621 -0.6688068781608153 -0.3256995914626895 -0.3539414328721095
-0.32774018749523454 -0.6573628175226992 0.6785723952823358 5.046431183407605 -0.6684421372995583 -0.34623480744628726 -0.6582602579489588 -4.91141201824623 0.667661200447493 -0.6693247225758586 -0.32593394601630943 -0.6689571579478055
-0.3292075192477513 -0.6571401633214246 0.6780775877586817 5.674162443222534 -0.6670032968103577 -0.34646458813383224 -0.6595975221401055 -5.523425704161218 0.6683778955911511 -0.6694244504939633 -0.32425590783515373 -0.9776884176974394
-0.3292460611659921 -0.656473094763182 0.6787047274468697 6.315471287661106 -0.6649723938909335 -0.3491059787186195 -0.6602550499510587 -6.123955386501089 0.6703795541106854 -0.66870628191678 -0.32159471692705816 -1.2841477706110278
-0.32936369697727924 -0.6562816315215629 0.6788328035980982 6.944030560953129 -0.6640859126418756 -0.35006171740990233 -0.6606411239354056 -6.7254686468981895 0.6712000117282975 -0.6683945048632762 -0.32052976480275464 -1.5928964332828426
-0.32853147346717115 -0.6556049377784905 0.6798891354492662 7.595113451420459 -0.6640583058733198 -0.3515519755254859 -0.6598770907561374 -7.344032039749291 0.6716350477321341 -0.6682764204014597 -0.3198640157836843 -1.9049708245362893
-0.32853260341249346 -0.655031462095658 0.6804411158651671 8.199661258764731 -0.6642142259432056 -0.3519518994853962 -0.6595068782835316 -7.918811623319426 0.671480297960914 -0.6686281807652478 -0.3194535417504037 -2.1980485190662087
-0.32911147917658506 -0.6557020080303113 0.6795149085481625 8.83247300269815 -0.665174800548361 -0.3497838705721703 -0.6596921468404776 -8.495928331768337 0.6702448201885998 -0.6691084520110079 -0.3210385653746035 -2.5059883327482506
-0.3297060799537001 -0.6551741381640512 0.6797357939100725 9.455193996121396 -0.6665689553473076 -0.3483239660050433 -0.6590570858990252 -9.083081326256785 0.6685654258251494 -0.6703859063162861 -0.32187421146113515 -2.810931351881612
-0.329738796121805 -0.6534331757224989 0.6813937270017622 10.054881648734378 -0.668904381530037 -0.3476260119308398 -0.6570563782499771 -9.686919159025239 0.6662126197409214 -0.672444228686861 -0.3224585316031665 -3.117062755822733
-0.33060746815440883 -0.6531041394058017 0.6812882540390214 10.676720791981964 -0.6691196818720171 -0.3468793158500549 -0.6572317639667816 -10.260234265430446 0.6655655890534172 -0.6731491092814454 -0.32232394162018685 -3.427498575148766
-0.3335527270957698 -0.6506064580480345 0.6822417569990603 11.282917480150758 -0.6691897831874065 -0.3463352118009289 -0.6574473021804839 -10.86767602404329 0.6640238040345892 -0.6758425540116535 -0.31985814021599923 -3.6888123903456815
-0.33550548956342446 -0.6500123742849696 0.6818504086302378 11.916028015219002 -0.6676052504807559 -0.34660331095309344 -0.6589153013604093 -11.427103930146075 0.6646347086959373 -0.6762766136077513 -0.31766436042448604 -3.9747886138683315
-0.3343490983698447 -0.6499547323137931 0.6824730957057407 12.539235803548976 -0.6674210448665 -0.3479810805717419 -0.6583755132395421 -11.99130042763452 0.6654020057743892 -0.6756241658696249 -0.31744630601787127 -4.273667368360566
-0.33727016487008393 -0.6483086435264929 0.6826014493226222 13.14085635380765 -0.6661792811253602 -0.3479654110961682 -0.6596402338244468 -12.580001049827526 0.6651721591346135 -0.6772119132217855 -0.3145314345223447 -4.555430364080852
-0.3396211447100739 -0.6476404124819732 0.682069918839702 13.735877209847105 -0.6655844926252514 -0.34689931312772754 -0.6608011423479045 -13.1671400845418 0.6645711107493347 -0.6783972012557894 -0.31324507352184494 -4.8332591058785095
-0.33980350007241417 -0.6464514248832517 0.6831062410818319 14.336595450064806 -0.6661096411810252 -0.347332696774502 -0.6600438952653345 -13.735448706108345 0.663951449478214 -0.6793088789481285 -0.31258266061637835 -5.117179891446763
-0.3409215965135591 -0.6449588553996215 0.6839594577694325 14.933438277526315 -0.6662849849097932 -0.34748787220726374 -0.6597851904617312 -14.305793142705188 0.6632019179061545 -0.6806469374870326 -0.3112602810753737 -5.389269727290712
-0.34223350905809513 -0.6445125663827969 0.6837249279150522 15.512538972120224 -0.6660658886829837 -0.3468429339244434 -0.6603455240399748 -14.880660535790547 0.6627461483937336 -0.6813982176094557 -0.31058656092614023 -5.670893975982242
-0.34289715980837343 -0.6445241276933555 0.6833814356685947 16.09455513851347 -0.6647713245170921 -0.34750245997159396 -0.6613025982207229 -15.44069322460756 0.6637022102533187 -0.6810511648435879 -0.3093035514992524 -5.957652535636981
-0.3430021092348924 -0.6437434386887285 0.6840642792937118 16.678591732227286 -0.6632268187733782 -0.34973635169406964 -0.661675654050732 -16.011460575752636 0.6651915061996492 -0.6806459207612509 -0.3069876066405783 -6.220578003304642
-0.34262498216081294 -0.6448778750473361 0.6831841976171099 17.25393928029859 -0.6619350559609049 -0.3503294748080491 -0.6626546919555824 -16.540886956110725 0.6666709107868252 -0.6792656220913487 -0.30683564225089266 -6.4898749886004365
-0.34348147746553065 -0.6448039561801459 0.6828237933263076 17.818135211758676 -0.6624924703730932 -0.34898463018132375 -0.662807252974919 -17.08287175173874 0.6656757478961144 -0.6800276361969678 -0.30730800944868536 -6.749458328514626
-0.34520281382024337 -0.6449511382101116 0.681815991783756 18.377591930081532 -0.6635609155421797 -0.34603440345477027 -0.6632850842515028 -17.614626472391212 0.6637182600286128 -0.6813943211879453 -0.30851231799947615 -7.009468050000725
-0.3460700527240186 -0.6445015307615111 0.6818015073712165 18.92347102564922 -0.6644823637017878 -0.3446563543220067 -0.6630800749191201 -18.141440882252784 0.6623433452046443 -0.6825172336809748 -0.30898465785794416 -7.2535225141495685
-0.347470106852532 -0.6439399848099521 0.6816199973642556 19.46402872034814 -0.6644002528220284 -0.34388204534974987 -0.6635641965447614 -18.66755825345476 0.6616923974883748 -0.6834372208542855 -0.3083451576676001 -7.498001575396198
-0.3479986512637552 -0.6423117117663353 0.6828854981960055 19.99319137318831 -0.6654897346497199 -0.3438050120646378 -0.6625115295261487 -19.195106455921554 0.6603183715409192 -0.6850064077123899 -0.30780817012957246 -7.7402339432434895
-0.3497287371788634 -0.640982705343328 0.6832503068729832 20.521988494013076 -0.6659134194317523 -0.34290881221100844 -0.6625502730576326 -19.706978868700304 0.6589758176230655 -0.6866984184915403 -0.30691391924973044 -7.974319041684206
-0.35141419827081105 -0.6405619709765904 0.6827799225169618 21.042941340651222 -0.665545022598491 -0.341994928981329 -0.6633922606161657 -20.212935570422243 0.6584511251019745 -0.6875462383648392 -0.30614095766869165 -8.221255484848783
-0.35332564133944483 -0.6390680593450245 0.6831932425727393 21.553182135392767 -0.6649591515310291 -0.3421171876396709 -0.6639165284255641 -20.72305679279082 0.6580199981514261 -0.6888743321147226 -0.30407537977661453 -8.461725860454722
-0.3543824839289125 -0.6384765600017427 0.6831989003304342 22.06252788118536 -0.6634364799863034 -0.3432101482597201 -0.6648750492798784 -21.207668744653905 0.6589879301684942 -0.6888791450318993 -0.3019609766714297 -8.707119087248861
-0.35674558451528815 -0.6376120390856455 0.6827762997804555 22.56491989395474 -0.6620790551752853 -0.34306372647823363 -0.6663021869040093 -21.697744270665318 0.6590780777927951 -0.6897522505856082 -0.2997631067777405 -8.935861411018534
-0.3586746479832543 -0.6366664993652276 0.6826479806460394 23.071180806774255 -0.6615258058907709 -0.3425929608891002 -0.6670934501925512 -22.17141481643137 0.6585864446180573 -0.6908587639563275 -0.2982919094277989 -9.159182624985345
-0.3622636913445355 -0.6348629762541617 0.682432428387704 23.567483854608486 -0.6617787016989309 -0.3403949055932511 -0.6679672583471704 -22.677570713377225 0.6563642037094249 -0.6935995311617994 -0.29682608116711207 -9.379628549865346
-0.36537449880978173 -0.6329934585373509 0.6825106278062075 24.034831251559066 -0.6617154228680265 -0.3390640176147996 -0.6687064311770119 -23.146866008845304 0.6547015921456802 -0.6959560858328867 -0.294976188588299 -9.57567937149763
-0.3668530941821378 -0.6315108048041431 0.6830907045953813 24.490218718776028 -0.6612079975922566 -0.3395150773929404 -0.6689794437371751 -23.628792918605026 0.6543873403489933 -0.6970822158386252 -0.29300783803933333 -9.779130194640265
-0.3684870878812156 -0.6313446657772996 0.6823644034233985 24.960913294127376 -0.6594786371041987 -0.33981263364082065 -0.670533594401708 -24.08393442277286 0.655213853080053 -0.6970877183056934 -0.2911417519342668 -9.992422571236876
-0.3701440317415615 -0.6325964298154491 0.6803051908892425 25.43543092606264 -0.6578656454670742 -0.33855701617402073 -0.6727495368363551 -24.52201300326117 0.6559010506778374 -0.6965636394358304 -0.2908485996796618 -10.195572304213478
-0.3719516594486524 -0.6334419773217426 0.6785301941698054 25.892134477860445 -0.6579055507919976 -0.3357713873257025 -0.6741052304280447 -24.967074423637495 0.6548375747240465 -0.6971433402250159 -0.29185426827346184 -10.377520872368137
-0.3718066339808826 -0.6352411531702405 0.6769257745475117 26.340810269041135 -0.6592348336229765 -0.3327189195481532 -0.6743200684487977 -25.4019150513804 0.6535818702089977 -0.6969697252346407 -0.29506599438169634 -10.567692694146645
-0.3714701696274626 -0.6369824731402949 0.6754726063942322 26.75264019179654 -0.6606834128594515 -0.3297944902732368 -0.6743389519802327 -25.84917724408313 0.6523092372865269 -0.6967703517641142 -0.29833493904198216 -10.760115470537274
-0.3700890340296746 -0.6395658420998888 0.6737875336558568 27.184512083575466 -0.6597050112634683 -0.32972350714920484 -0.6753308129702733 -26.27656070552753 0.6540821087637605 -0.6944335407022663 -0.29989773680851106 -10.953149012221377
-0.3709127722520261 -0.6434508801090385 0.6696227895369302 27.630744835208667 -0.6559493580418968 -0.32889625693822094 -0.6793803734701542 -26.705622960772313 0.6573843282774077 -0.6912294966644068 -0.3000793692947472 -11.1517396775121
-0.3698683680141384 -0.647390087448092 0.6663958771004734 28.050452848155405 -0.6522049330128955 -0.3299057666193648 -0.6824887621821544 -27.095392539424367 0.6616843021382638 -0.6870576830406879 -0.30020930111933775 -11.349437551397962
-0.37183655686149125 -0.6505758629047869 0.6621847337315185 28.443469100342746 -0.6494116081965633 -0.32741630981860925 -0.686340384360642 -27.520530007101804 0.6633265697384231 -0.6852368982114534 -0.3007461640796177 -11.504164780891001
-0.37002390383864187 -0.6557964998578878 0.6580374315813303 28.83872405037474 -0.6480444872900474 -0.32532596254289825 -0.6886227999336884 -27.90806991737719 0.6656730827373073 -0.6812444266705435 -0.3046069238368257 -11.693891182259899
-0.3687612451790359 -0.6609212446424327 0.6536040486673136 29.208159918120575 -0.6452451710491036 -0.3241328359852197 -0.6918067460454461 -28.303855442362206 0.6690843095543484 -0.6768463732757042 -0.3069286133479713 -11.868219091332012
-0.3673154375449489 -0.666736672762771 0.648491772140859 29.57028052073349 -0.6425798931533134 -0.3221667549663074 -0.6951975711332371 -28.679819447107608 0.6724362053431078 -0.6720645736740677 -0.31009475738241177 -12.036014662857077
-0.3644797244157998 -0.6723715522293704 0.6442600610331585 29.91301774882087 -0.6415983285463812 -0.32011018337235825 -0.6970516876873636 -29.04659057329107 0.6749119315112689 -0.6674173853399236 -0.31471879265425184 -12.196871553174935
-0.36254312604547645 -0.6776294774712339 0.6398287059981254 30.234188242793888 -0.6403922065231639 -0.3176524283414719 -0.6992816003536461 -29.40845527284962 0.6770969676357784 -0.6632610542092957 -0.31878593191608834 -12.350310826604812
-0.358867913266875 -0.6853358380375487 0.6336628519400894 30.555352134049176 -0.6382290012770646 -0.31520318409670606 -0.7023608009165776 -29.732513241786222 0.6810855766762053 -0.6564767641254842 -0.32428489851822556 -12.510215771018949
-0.3568659012386606 -0.6905523122882187 0.6291138470312917 30.847324102325867 -0.6385835974287021 -0.31119549780733946 -0.7038240911189794 -30.065393661477426 0.681804750370761 -0.6529126022201093 -0.32992031800728955 -12.649057966463022
-0.3544249946853739 -0.6949141961548775 0.6256813750821513 31.11620676212198 -0.6398250305290296 -0.3077316247229069 -0.7042195520247391 -30.388774010502708 0.6819141100247151 -0.6499196158970884 -0.335555717312913 -12.776891337075192
-0.34932043905596355 -0.7001622588403026 0.6226941802790454 31.384990724303695 -0.6395139386223017 -0.3075587777996126 -0.7045775475461853 -30.682481186509026 0.6848336682476555 -0.6443449460452466 -0.3403269565291734 -12.916533949057678
-0.34401219098788927 -0.7048062654479819 0.6204061094452399 31.62965398214699 -0.6381377617263024 -0.3091992640333213 -0.7051070927030836 -30.96926932305239 0.6887930091911916 -0.6384700018845987 -0.3433951764117039 -13.042896549757968
-0.33959498915266356 -0.7104966161900312 0.6163357865035224 31.85917188481559 -0.6368598951294283 -0.3085204393202469 -0.7065582866949992 -31.2314106990853 0.6921594594586827 -0.6324631980630613 -0.3477148052322632 -13.174595877246725
-0.3354378121069426 -0.7169132418943828 0.6111602717826079 32.0832893134855 -0.635469545244823 -0.30673076446356146 -0.7085864063033768 -31.489018707633385 0.6954566350788848 -0.6260604138005237 -0.35268743526906887 -13.298778408252975
-0.33245060947680305 -0.7234548488299811 0.605053447195278 32.27528037194071 -0.63417272966933 -0.30337256028121606 -0.7111891721702238 -31.7094389024015 0.6980698684245388 -0.6201436699449625 -0.35793894371099366 -13.40676520315421
-0.32867441158677513 -0.7299956118790799 0.5992324572362319 32.45980075748816 -0.6324388061490244 -0.3011008371133047 -0.7136942218951063 -31.923656495421586 0.7014230447061771 -0.6135508882944856 -0.3627134128043315 -13.504598844418872
-0.3220366520631603 -0.7357189631653586 0.5958271577956467 32.59865441116506 -0.6319542670900756 -0.30156278963475086 -0.7139283494961872 -32.15176635047717 0.7049299249106937 -0.6064466103018421 -0.3678264669906327 -13.574341710146758
-0.3140146108395803 -0.7416206975593471 0.5927845857736612 32.75219353593922 -0.6331718136825008 -0.30165885907377066 -0.7128080997718262 -32.356756351286535 0.7074519619997378 -0.5991666493504915 -0.374848032899772 -13.652745014695798
-0.30379922793089387 -0.7481782257524422 0.5898604679231502 32.90275083270951 -0.6363685428378605 -0.3014104368244598 -0.7100611426206227 -32.55019741293039 0.7090423871638492 -0.5910846733617888 -0.3845488293075138 -13.744189777444085
-0.2948625890817037 -0.7560173837716939 0.5843746820277504 33.05311588827999 -0.6383205728050106 -0.2992465115827816 -0.7092237810729538 -32.74554683645138 0.7110575925295476 -0.582141942090188 -0.394344848280727 -13.826328913267353
-0.28466101804003996 -0.7653459409841527 0.5772466504255237 33.190797887888124 -0.6390086969865884 -0.29737314102608625 -0.7093920637924982 -32.94048450211576 0.7145879861737877 -0.5708018969969859 -0.4044121714300086 -13.92452324997558
-0.27358994507771156 -0.7753341615221169 0.5692147924370619 33.345675748989905 -0.6387627923882274 -0.29599127483465093 -0.7101910026761463 -33.13084205177427 0.7191179576486514 -0.5578943477026366 -0.41427437742235934 -14.029929827979712
-0.2616347016972365 -0.785083873908577 0.5614183767890878 33.48580367147239 -0.6385184559931193 -0.2954033373357843 -0.710655366297225 -33.30579709802039 0.7237689301316826 -0.5444080998842485 -0.42400277894898636 -14.12084714489482
-0.2481901544311664 -0.794478460463426 0.5542613310552099 33.61612284572791 -0.6390367729014369 -0.2957313345837789 -0.7100528012936879 -33.49774409122479 0.728034099560694 -0.5304214867489411 -0.43430334591376757 -14.218893019391622
-0.2331291013911069 -0.8056031018202152 0.544659953018594 33.75096956597835 -0.6384887757838641 -0.295647384784857 -0.7105805422806739 -33.678823500375046 0.7334731796613949 -0.51341626990924 -0.4454445291053494 -14.339306344495375
-0.21788690126778634 -0.8162949418645826 0.5349652943343278 33.87932626953447 -0.6383775204433245 -0.2954161775154081 -0.7107766340101629 -33.85349078550119 0.7382407734936848 -0.4963787363984054 -0.45673702543473443 -14.441294017226744
-0.20276243775911684 -0.8274350598601801 0.5236779693171698 34.00403494177772 -0.6387939928031701 -0.2935595511408259 -0.711171585971051 -34.04045544786649 0.7421789734239062 -0.47872122539968076 -0.46903769545662954 -14.54902877109569
-0.18686117997780996 -0.8385201879114079 0.5118269178954071 34.13299890506878 -0.6383733752190011 -0.2923654819953709 -0.7120406299847747 -34.24167542614172 0.7467009664040891 -0.45978942941593004 -0.4806572035958414 -14.622059056671096
-0.16860172378149405 -0.8502466828233322 0.49865222057644804 34.26014167525267 -0.6376406651611366 -0.2916995695330198 -0.7129696650399048 -34.4352857489521 0.7516567307426784 -0.43816884814208895 -0.49297081013693383 -14.729480662881585
-0.15051388461911183 -0.8624508390882714 0.483243334866395 34.37463631451016 -0.6364105181704774 -0.2895309358663562 -0.7149499909352656 -34.64401461014645 0.7565231145833207 -0.4151510415888202 -0.505294359526079 -14.828357634652287
-0.13027957827245526 -0.8747897573752218 0.46665845312877935 34.497545567175905 -0.6354063976834822 -0.28764425720507725 -0.7166027428637431 -34.84994845367238 0.7611083636828928 -0.3898764697802799 -0.5183728359430274 -14.938942446925067
-0.10768109358489035 -0.8865454004456743 0.44993558987145477 34.618699785661434 -0.6345809236797313 -0.28709302203671144 -0.7175546306725412 -35.05028121127402 0.7653181256093049 -0.3627876095547371 -0.5316703085253309 -15.0437984794524
-0.08202385766611958 -0.8974725724161213 0.43337635899337057 34.73404186674673 -0.6345122712787565 -0.2883011763357899 -0.7171308174385431 -35.26104803883618 0.7685481535793579 -0.33380445396097186 -0.5458097856814017 -15.146662010688539
-0.05253819444095796 -0.9077824473415519 0.41613791755073143 34.84672626121267 -0.6348952292477097 -0.29128700638219196 -0.7155836273919344 -35.47801534592875 0.7708098247968698 -0.3017994503167231 -0.5610430516325313 -15.255099957796915
-0.022798787038826093 -0.9184788879373412 0.3948122942905096 34.95373588770743 -0.6366333934730004 -0.2911530718261947 -0.7140922987130041 -35.69041825239211 0.7708295126839716 -0.26763112894345537 -0.5780963943805938 -15.3773363881529
0.007446324384095107 -0.9284423308245328 0.37140192593236315 35.058897386387926 -0.6386203655225774 -0.29021973556753017 -0.7126966632634967 -35.909337709366326 0.7694859199445921 -0.2318778631525966 -0.595083250971501 -15.50160591650786
0.038599910307822956 -0.9374422735580249 0.3459942639272823 35.166330657014164 -0.6400880074858177 -0.2890846704052089 -0.7118408501972522 -36.14179185049655 0.767331342769903 -0.19398978602768172 -0.6112041993637408 -15.633370768370744
0.07001450235214539 -0.9459108837932947 0.3167815799281295 35.272257843943095 -0.6408444940223493 -0.28601397787896643 -0.7124004063299569 -36.375118217086374 0.7644712577603026 -0.1531293713799886 -0.6262069080417031 -15.791043382333871
0.1013547648779422 -0.953072297549329 0.28527251406431187 35.355865589895295 -0.6416007604999554 -0.28176853417851755 -0.7134107913907436 -36.62308074128832 0.7603128801765853 -0.11072347895060555 -0.6400504944507578 -15.945663050517068
0.13284888520512628 -0.9587566984137278 0.25127030653572646 35.438127194189164 -0.642445672289394 -0.2763461339013046 -0.7147701535699628 -36.883932111178446 0.7547282503367566 -0.06647110292904479 -0.6526613674939044 -16.12435947162125
0.1680358186911286 -0.9613846341213216 0.21795308878795377 35.52720603927407 -0.6422659319532619 -0.27450009404543013 -0.7156424882727798 -37.16515351170827 0.7478358351195858 -0.01973027228541851 -0.663590446033194 -16.298949163721538
0.20703580107433972 -0.9608520311436239 0.18411830794539125 35.60874705274806 -0.6403594069882702 -0.27537307806389894 -0.7170142939713561 -37.45188844553272 0.7396458659082301 0.03054573824251299 -0.672302722677874 -16.5004170632206
0.24522134118127392 -0.9579673880388907 0.14887906932540446 35.691677809899446 -0.6390720414629579 -0.27521048090996014 -0.7182242804428667 -37.77411876574202 0.7290085182284379 0.08097947055425933 -0.6796976575648369 -16.7024035472975
0.2829289351198806 -0.9524357101273353 0.11321411460663677 35.78418566458884 -0.6372854125321354 -0.27488794133965905 -0.7199332765470615 -38.10280474333054 0.7168113563872118 0.13154025155927118 -0.6847471369593641 -16.90965123056948
0.3237317856519558 -0.9432261241581434 0.07431157153633255 35.83824386779367 -0.6370761606072433 -0.27537521896277345 -0.7199322567902735 -38.42899335730348 0.6995224775120013 0.1857228243560959 -0.6900545891222396 -17.151913618847903
0.36302668614652506 -0.9311296127520762 0.03477455106307275 35.878896421128395 -0.6361670597031506 -0.27495046362995845 -0.7208978531652851 -38.76515140769839 0.680810617788911 0.23958273478244102 -0.6921683436130575 -17.413640872074662
0.3988123072090258 -0.9170261510022227 -0.0034324913196907125 35.91225772934856 -0.6345825255282971 -0.2732723283408243 -0.7229296320232771 -39.12703413572529 0.6620073730048179 0.2904914335074739 -0.6909131386404721 -17.660646747595994
0.43289169885420636 -0.9003840031259243 -0.04374270199762355 35.922766541927004 -0.63328854845958 -0.2692258230859158 -0.725577749502882 -39.48767437195169 0.641521933727192 0.3417983368868848 -0.6867485023269281 -17.942324550741723
0.46275936858051814 -0.8823943310141982 -0.08505299162853648 35.90406799258888 -0.6345125032032385 -0.2626960717133858 -0.726900720308567 -39.85418940384356 0.6190699880221286 0.39034730497385867 -0.6814553040588363 -18.225575855025678
0.4936324546326884 -0.8611688094531617 -0.1213065594200466 35.873582630680154 -0.6352028859378768 -0.26174969087405336 -0.7266391078269376 -40.2341363350494 0.594006980960239 0.43574692305552176 -0.6762250554498416 -18.507823356388666
0.5276592777145881 -0.8363162774752292 -0.14883134976104137 35.84630106040694 -0.6303580531848829 -0.26805935000603015 -0.7285553579923125 -40.627798638522854 0.5694070700532982 0.47824603386156084 -0.6686227035249388 -18.79754856211577
0.5610607263885358 -0.8100300805689347 -0.17047618566196865 35.783448225651455 -0.6222385551980002 -0.2768869612011567 -0.732224549671678 -41.042437375854156 0.5459212779599935 0.5168992931802752 -0.6593823465791698 -19.082112322938737
0.5884519861505237 -0.78499853243255 -0.19365320569060324 35.71963051560533 -0.6185074644231341 -0.2827891598301037 -0.7331294616474273 -41.46773107398473 0.5207425241406426 0.5511874410409952 -0.6519352946346012 -19.386011026363303
0.608981815622461 -0.7624770794368221 -0.21856315237172513 35.63081854715732 -0.6187761167364707 -0.28429032297904394 -0.7323217391399782 -41.86977963023616 0.4962431516884673 0.5812122810075153 -0.6449302433661567 -19.697036983337608
0.628542439771777 -0.7412048968130164 -0.23568984353626496 35.54508508562643 -0.6156822011598542 -0.28898975540976085 -0.7330895910072391 -42.281308110935214 0.4752576444211051 0.6058879617624091 -0.637988988314601 -20.026626306524914
0.6445350438026329 -0.7223543627177965 -0.2505568837068844 35.45723410981832 -0.6118675256429206 -0.2908143505571594 -0.7355577098866041 -42.71132712391237 0.4584677833544543 0.6274003412276548 -0.6294252167283001 -20.363756930086694
0.6593193447607145 -0.7045203514219708 -0.2625815607702979 35.34753842040766 -0.6075787231176668 -0.2935258103668352 -0.7380316347306507 -43.15262669905097 0.4428838412484774 0.646137503230349 -0.6215788204887908 -20.702125350579163
0.6698045835651669 -0.690511995780175 -0.2730476213387951 35.21008029116802 -0.6054478306401672 -0.2949922642784637 -0.7391971918162151 -43.598498223066606 0.42987759212153354 0.6604337572380281 -0.6156561606061015 -21.04394764812886
0.6780217955985146 -0.6793690135412429 -0.28061394857235017 35.076750149641924 -0.604671055236553 -0.29845813022009177 -0.7384413717179167 -44.06141377287831 0.41792267185746035 0.6703584771937469 -0.6131558956758014 -21.372842619466095
0.6832470489059499 -0.6715121115455789 -0.2867838109254233 34.91714101839227 -0.6037547332344259 -0.2986514982156999 -0.7391126468343939 -44.52535016469464 0.4106746793489175 0.6781436180198923 -0.6094813705771047 -21.72875476500195
0.6879805418566541 -0.6630093272861788 -0.29512947321159533 34.74107192120445 -0.6046052324794042 -0.2986869270539478 -0.7384027576232325 -44.963484096649076 0.4014166001614143 0.6864435530606958 -0.6063497023799475 -22.101984213078733
0.6944118370247433 -0.6550767087021075 -0.29776955236547914 34.56176833361732 -0.6025998197157473 -0.3032354827350393 -0.7381881191735571 -45.4207274642421 0.39327554955586763 0.6920424464774225 -0.6053194151809986 -22.481128163610276
0.6988083512520338 -0.6500111321096681 -0.29858401891917113 34.37341402904589 -0.6010776963161842 -0.3073188143378524 -0.7377402993907837 -45.89463763734289 0.3877789205354555 0.6950112765182147 -0.6054641478245187 -22.85390246514002
0.700370128788324 -0.6467281685231966 -0.30203370464181717 34.16935937400385 -0.6011717204415519 -0.3063434112777189 -0.7380692900453671 -46.36116144051866 0.3848041647934322 0.6984958055746334 -0.6033484601391343 -23.241739289094493
0.6999092279055856 -0.6446219381673303 -0.3075542708628902 33.948300271752196 -0.6027192211236116 -0.3020274737361152 -0.738585774028125 -46.82152776084262 0.38321875369135333 0.7023118694297917 -0.599917848440325 -23.651862677030447
0.6992125381533172 -0.6440736496256179 -0.31027561996898 33.74877731681101 -0.6015536147335891 -0.29552593789590653 -0.7421574419432136 -47.316837509362855 0.3863095586316089 0.705573209446529 -0.5940802732132819 -24.044832635383955
0.7002617645515149 -0.6433527980725192 -0.3094036818130339 33.54649415653274 -0.5981170099233966 -0.29212562691588284 -0.7462698309186129 -47.833823585574294 0.3897300393188779 0.7076438336559264 -0.5893646588838195 -24.441546913488917
0.7021617916172801 -0.6420481124273613 -0.307803573275678 33.32256077263473 -0.5953273341260923 -0.29225458749965993 -0.7484468059439632 -48.34381149843978 0.39058185267000195 0.7087746309045351 -0.5874387959192011 -24.845095167048623
0.7039348328055153 -0.6412710820095481 -0.3053639640517119 33.124712010115005 -0.593893541253763 -0.29561400425028705 -0.7482665448542875 -48.8678675659327 0.38957183268318546 0.7080845711279182 -0.5889397484551779 -25.251638681729734
0.7037754122517833 -0.641773548183094 -0.30467504322197925 32.92234918038192 -0.5965277275474798 -0.3009341582871416 -0.7440385088441636 -49.401575683795244 0.38581710612267006 0.7053831194666377 -0.594625777606921 -25.653092110061138
0.7029181253142492 -0.6438269343547275 -0.30231273162752437 32.71178704586659 -0.599399093084771 -0.30737203088734527 -0.7390826488541998 -49.94299163764462 0.3829188377631156 0.7007205671503983 -0.6019666522811387 -26.050822930736025
0.7026893820045477 -0.6449268383484813 -0.3004946016085802 32.502074421461465 -0.5989496876902098 -0.30822486324758397 -0.7390918111383766 -50.49633147559103 0.3840402375192819 0.6993331157994976 -0.6028650670857386 -26.464224091822388
0.701641421259945 -0.6463274081651302 -0.29993365504202923 32.26374153056252 -0.5977626518033028 -0.3048436604552873 -0.7414513839688355 -51.039333592707244 0.38778747798427826 0.6995221398460242 -0.6002413246218762 -26.90516108274859
0.700397574444377 -0.6482129222102118 -0.298769551983017 32.033791296418094 -0.5956630049260402 -0.30023023502667334 -0.7450150270553644 -51.590155790961845 0.39322871496740036 0.6997726869887966 -0.596396985463172 -27.340981196193223
0.6980829057156306 -0.6510434768688159 -0.2980312869048932 31.813918496851453 -0.5961467890753168 -0.2979241541015106 -0.745553622671157 -52.140479915459906 0.3965971036490442 0.6981286340134296 -0.5960932374618293 -27.778295963617293
0.701491859513799 -0.6503125900607866 -0.2915522358760192 31.573235038481616 -0.5938500459694257 -0.30720180108964285 -0.7436189725318916 -52.67473004236879 0.3940194080727278 0.694780964488597 -0.6016877241944568 -28.209955560969153
0.7017064156002761 -0.6516759930925659 -0.2879696274474665 31.35172347402279 -0.5942653295529449 -0.3123941932917188 -0.7411198189826941 -53.21051808401814 0.39300995457715976 0.6911788972649765 -0.606477458425969 -28.654517565927463
0.6978283206741579 -0.6551638184839633 -0.28947539759813606 31.127847494658432 -0.5974991423697993 -0.30958275307867694 -0.7396981099499825 -53.75456468431791 0.39500684770322364 0.6891435916742851 -0.6074954323464677 -29.10004198871695
0.6946396296416237 -0.6586918233230405 -0.2891381448697475 30.892087310265968 -0.5980147586875566 -0.30536923798314486 -0.7410316976253112 -54.29076993194468 0.3998176250782477 0.6876588619227971 -0.6060290061505529 -29.537463413630892
0.695192126089966 -0.661372698476618 -0.28159201255055577 30.702310733759195 -0.5926905185007081 -0.3057378486996261 -0.7451458361635526 -54.86239889283027 0.40672577629389806 0.6849164340138697 -0.6045358726459862 -29.973839438708154
0.6966417956785393 -0.6624206114858415 -0.2754798395391339 30.500093487011796 -0.5897210448555752 -0.3100683140445095 -0.7457122299386255 -55.4329471049411 0.4085575819492621 0.6819505657335535 -0.6066499222182856 -30.400367148212517
0.6951828656132988 -0.6650229994750826 -0.27288311330467 30.302991911842955 -0.591650764421057 -0.3137523675505159 -0.7426364014889241 -55.99303813354941 0.4082525643736487 0.6777196042801217 -0.6115766359637431 -30.81674096984212
0.6919026831609567 -0.6685111169710849 -0.2726968344531046 30.07925731614841 -0.5944813547811396 -0.3131721099827219 -0.740618085349355 -56.5413071381861 0.4097103804545945 0.6745488240409561 -0.6141020176914487 -31.25230220213913
0.6886551024889813 -0.6713514837308532 -0.2739367355946907 29.892129525430345 -0.5963181746526686 -0.30945226597775943 -0.7407050220297774 -57.06581433440552 0.4125030719822567 0.6734437470001533 -0.6134449732711064 -31.738135953173384
0.6903402595405478 -0.6720889547666856 -0.26781852612938495 29.674082217408635 -0.5913864340028246 -0.31096483169555916 -0.7440181174715899 -57.613060158139724 0.4167642159961798 0.6720099034457536 -0.6121358329128529 -32.18863188777652
0.691901583500402 -0.6728250852974434 -0.26187516748276696 29.480356793767204 -0.5881008241854966 -0.3148056979079264 -0.7450065725596224 -58.16396368973565 0.4188193158654152 0.6694802291025373 -0.6135035480735489 -32.63701299993345
0.6920390283981208 -0.6742404033463004 -0.2578407680511493 29.284972537281785 -0.5866846160020748 -0.31723628603957565 -0.7450921420645279 -58.712398746666814 0.4205747787496069 0.6669040540551765 -0.6151063632937666 -33.08865272410144
0.6903910959635694 -0.6761589911985522 -0.2572336549434803 29.09306204416597 -0.5874042470115157 -0.3163886510897395 -0.74488554292216 -59.2518229192947 0.4222752481581813 0.665362487733541 -0.6156105706613342 -33.55099923212412
0.6902009100278877 -0.6778046284249852 -0.2533842723658029 28.892149438627477 -0.5853116032551196 -0.3170439228552228 -0.746252958503673 -59.80240867481312 0.42547976554895656 0.6633732257682959 -0.6155509178306567 -34.004513067631855
0.6898382130417451 -0.6797546797756691 -0.2491120534025881 28.716743286459113 -0.582976768794156 -0.3175529561429113 -0.7478624252435835 -60.35669370988693 0.4292567144188837 0.6611306189914147 -0.6153413506000772 -34.46648547154221
0.6881943587614086 -0.6817038288897773 -0.24833125909960502 28.514810902787943 -0.5837809978888158 -0.31706006191065716 -0.7474440873036191 -60.90151817842299 0.4307995718114289 0.6593578746160711 -0.6161646874893596 -34.9249836867735
0.6852701184334721 -0.6847289626330693 -0.2480949667236724 28.322468835620214 -0.586041838346891 -0.31619554518573784 -0.7460397716688312 -61.45061901857272 0.43238851567678066 0.6566327930709295 -0.6179591787284122 -35.38890049792556
0.6854648383684196 -0.6857577654314413 -0.24469213822891173 28.13063405589028 -0.5844332249197493 -0.3177701503336238 -0.746632397614006 -62.00398370695656 0.4342531070360422 0.6547964712087395 -0.6185998871016058 -35.84980000439614
0.6821375394441829 -0.6893487763597467 -0.24389883520090785 27.944090007204025 -0.5863394820120181 -0.3163559400648786 -0.7457378433602095 -62.57214846112921 0.4369146245148041 0.6517032942351771 -0.6199906670008021 -36.301832018019816
0.6803826436769501 -0.6913469010218869 -0.24314382704605406 27.752304406110945 -0.5874123502810219 -0.3160793431230924 -0.7450104560260823 -63.134105216671635 0.4382079288653826 0.6497178705394385 -0.621160607074533 -36.75391639857569
0.6778329595586664 -0.6941023894797276 -0.24241359667823117 27.55867643272111 -0.588637952557508 -0.31479548189060635 -0.7445865734688992 -63.69875908231932 0.44050861483612613 0.6473991639628432 -0.621953762554229 -37.22102190101713
0.674794587401972 -0.697083838668709 -0.24233527741520342 27.37727162318319 -0.5913848516979212 -0.31431284765429235 -0.742611197721707 -64.26587823894046 0.4414931732147491 0.6444234288620655 -0.6243414309001311 -37.686512010311446
0.6728666738039623 -0.6995190512061225 -0.24067309006966747 27.194245212866907 -0.5935781192958709 -0.3163667566723406 -0.7399845211663498 -64.83670215240139 0.4414923052298506 0.6407692035922958 -0.6280918500908295 -38.148571139177974
0.6718596721971651 -0.7014430973580413 -0.2378700528521386 27.00400346070065 -0.593853390993938 -0.3182107985814865 -0.7389722847787488 -65.40018404996309 0.44265418882025437 0.6377456145163876 -0.6303473647799216 -38.62843114094616
0.667582571453961 -0.7046743506723118 -0.24034885020627142 26.807536867819348 -0.597778914247841 -0.3148568655179027 -0.737241835435906 -65.94945672853808 0.4438399260674817 0.6358452750007597 -0.6314324241655748 -39.12761656991386
0.6646807470105518 -0.7071943530844457 -0.24098890331086018 26.582696163812148 -0.600026037094958 -0.31309321163449594 -0.7361666901161087 -66.51379354183689 0.44516093647310667 0.6339154421481336 -0.6324420549303443 -39.61010784142175
0.6647401119173202 -0.7089100774828105 -0.23572671815360247 26.396853145166986 -0.5977072726553825 -0.3153723721381801 -0.7370795636203675 -67.08347973134431 0.44818143627666107 0.6308619254125641 -0.6333613749209336 -40.10892803898232
0.6626596042281465 -0.7115906855455355 -0.23349720591269005 26.20916160778294 -0.5986479852523026 -0.3159547840270314 -0.7360660053308957 -67.66327642157991 0.4500031540751166 0.6275438396600359 -0.6353628023634843 -40.59726576899636
0.6576282457979006 -0.7161857961099819 -0.23367283919850373 26.00611994155193 -0.6026409087173129 -0.31399928014368156 -0.7336405027052506 -68.24445713521472 0.4520498041910268 0.6232835289974825 -0.638097654760847 -41.089699000407535
0.6543240195329256 -0.7195851456965021 -0.23250224849498025 25.814404749460756 -0.6034658059317506 -0.3115777758576887 -0.7339947620131296 -68.83016096529441 0.4557291942957097 0.6205775597655092 -0.6381178525805901 -41.59218750192316
0.6513976273295106 -0.7232911747554888 -0.2291964389564359 25.62669575701759 -0.6035015419855432 -0.31083634254541453 -0.7342796857969406 -69.41772372932726 0.45985543372950843 0.6166284494521876 -0.6389853952913408 -42.12040997891845
0.647469385510519 -0.7273200233236106 -0.22757191939950594 25.440417094062845 -0.6064708761926169 -0.3109157446260766 -0.7317953785545275 -69.99035527818546 0.46149373902230667 0.6118308454271891 -0.6424068379360984 -42.618186159690545
0.6440917480901299 -0.7313299916764581 -0.2242816606785197 25.24680196318702 -0.6107487159949839 -0.31511828664455815 -0.7264203131332913 -70.56317231617618 0.46057770891856875 0.6048610656148272 -0.6496239414850815 -43.13618545482952
0.6398288767070488 -0.7365664406488899 -0.21929178516675846 25.055312005251185 -0.6135734006580221 -0.31777384804214304 -0.7228744451877042 -71.15928103788198 0.4627598627114767 0.5970675506258138 -0.6552584600391977 -43.649741881463456
0.6342933709845288 -0.7416597826748426 -0.21820331410817292 24.838608650899438 -0.6182839430161742 -0.31721280651043066 -0.7190973516806612 -71.74177234201487 0.46410869991140413 0.5910302886895691 -0.6597623151696868 -44.18918726462867
0.6296860432134318 -0.7463499432880681 -0.2155394375424393 24.62254240604993 -0.6192238048955392 -0.3146735802633222 -0.7194042099786087 -72.30161482999688 0.46910272481931065 0.5864659410725859 -0.6603032133262251 -44.71996611110595
0.6263598120805132 -0.7505905483333525 -0.2104452768847615 24.4310625851306 -0.6182867688853056 -0.31393620717787685 -0.7205314214134797 -72.88593930893751 0.4747576826464541 0.581427455986902 -0.6607172286180844 -45.266257126378434
0.6222849275681505 -0.7548346873641671 -0.20733080734262338 24.232549794490875 -0.6179677988302038 -0.3111347956804124 -0.7220186552478076 -73.45954493630236 0.48049689752427394 0.5774250892269426 -0.6600780240250383 -45.82318347762409
0.6179460411089612 -0.7595460375307178 -0.20305789112750622 24.040011606679812 -0.6160587986442284 -0.3073115289519493 -0.7252800705839341 -74.05133919472055 0.4884815727238749 0.5732795487758092 -0.6578269620991593 -46.36843144648019
0.612435846941098 -0.7646501759654638 -0.2005802626818692 23.858286544958744 -0.6142989623192183 -0.3006395377621806 -0.7295564770651173 -74.63854672808652 0.4975531311076928 0.5700227861499245 -0.6538462395661557 -46.9155699309617
0.6088732862474696 -0.7687938788220938 -0.1955231269693912 23.678561772402915 -0.6129090398087514 -0.29944941156873495 -0.7312130734825816 -75.23217220889836 0.5036028496890366 0.5650539990096634 -0.6535274653664245 -47.47261534054396
0.6050788789049415 -0.7736265287443723 -0.1880998254280779 23.544323779143053 -0.6126294163058943 -0.30152031813984215 -0.7305961237411118 -75.83747460501402 0.508492623918809 0.5573037697448092 -0.6563899448105399 -47.97335888173765
0.6025752237145527 -0.7766304635127419 -0.18370689401691415 23.382859389588333 -0.6156645187857908 -0.3059042366353738 -0.7262091973507221 -76.41349014468865 0.5077994683668096 0.5506974860597302 -0.6624741344187508 -48.506323468534994
0.5997871424202766 -0.7791629310103866 -0.18210027656932126 23.21569735788684 -0.6179790406029881 -0.30650555466138035 -0.7239863606015792 -76.96766399317441 0.5082885884640003 0.5467718645843226 -0.6653444513455053 -49.05271355500519
