0.9999978740502578 0.00085513757944567 0.001876335440413459 -0.02347365467621934 -0.0008470274400083119 0.9999903148850834 -0.00431887491689832 -0.013610245120550354 -0.001880010500131455 0.004317276427582619 0.9999889132809259 0.9996318065987596
-0.3340212730660712 -0.6640670732915106 0.6689130820288757 0.5324619422320874 -0.6651295647511996 -0.33677838794272086 -0.6664705391152562 -0.5718434809062436 0.6678566097847654 -0.6675292050425599 -0.32919949754221844 1.5515534985453336
-0.33142471731578205 -0.6649570961752795 0.6693203395970388 1.1844012290818082 -0.6662377473494203 -0.3373659549540652 -0.6650650167049083 -1.192618150062696 0.668045597814194 -0.6663454604663209 -0.33120810158721115 1.2086197819810245
-0.33063082909095054 -0.6646819602525673 0.6699859301279661 1.830869585473778 -0.6639294718327676 -0.3407190176917525 -0.6656637344898915 -1.8285875428558527 0.6707316238902815 -0.664912357155418 -0.32864973150077825 0.8823731101946848
-0.3295603598062461 -0.6650163541197064 0.6701814813897138 2.484756448567315 -0.6600939711449877 -0.34521884831519617 -0.6671580742417565 -2.4478413886006445 0.6750303093213066 -0.6622516104331231 -0.32520283820458545 0.5473572412871197
-0.32867421333415775 -0.663244723930534 0.6723687215118527 3.133305129198852 -0.6609021666438775 -0.34704737359340504 -0.665406978177527 -3.082554659919653 0.6746714664298485 -0.6630720599303154 -0.3242743525553132 0.23822791469094806
-0.3274774926452248 -0.6617613735593715 0.6744111329712846 3.7586837513821836 -0.6640472769731788 -0.34657247989551765 -0.6625169659137625 -3.7054312802780593 0.6721604761924822 -0.6648002712423391 -0.32594615138211014 -0.06334796097723688
-0.3278031931554346 -0.6613312982858757 0.6746747219694976 4.392339522807558 -0.6663699460855594 -0.3443732821531642 -0.661330581096162 -4.319569266006193 0.6696985601828862 -0.666369234318765 -0.32780464005622784 -0.3800437446761182
-0.32847481326794403 -0.6613279626354356 0.6743512607573686 5.034763374204088 -0.6660617920457148 -0.34402765908120675 -0.6618207151215181 -4.915213843358847 0.669676030798058 -0.6665510450247382 -0.3274808668471931 -0.6920623741500818
-0.3292707228871888 -0.660950786020889 0.6743328922036327 5.660872836373782 -0.6647439300138196 -0.34493139288724156 -0.662674763146033 -5.527163903081427 0.6705939893550578 -0.6664580952012195 -0.3257872139627826 -1.0041943059189893
